-0.07553103
0.02993996
0.01503999
-0.06745986
-0.11391462
0.017789
-0.04980611
-0.10048521
0.13370907
-0.15475057
0.1644045
-0.07407379
-0.24779917
-0.05931973
-0.13281083
0.21231741
-0.06596021
-0.13526011
-0.04331364
0.01372339
0.05605751
0.05525414
-0.021005
0.02994431
-0.0741428
-0.27888536
-0.11642072
-0.04189022
-0.02081064
-0.04811952
-0.08534278
0.02645029
-0.14446911
0.01682041
0.0205051
0.08101092
-0.0431572
-0.02367097
0.1605459
0.06954224
-0.26421371
0.03656971
0.01110194
0.23272626
0.14409167
0.07287344
0.01548801
-0.16529679
0.10093521
-0.17459792
0.0456615
0.14698865
0.12429338
0.05591486
-0.06058531
-0.1172273
0.03008505
0.11185692
-0.11142086
0.0482925
0.10202089
-0.08550617
-0.07708351
-0.09007607
0.21166384
0.05564603
-0.17230672
-0.17253582
0.15994352
-0.20651123
-0.12007411
0.02321643
-0.1276671
-0.17568961
-0.31542718
0.02541882
0.37099153
0.15315849
-0.17702308
0.05862974
-0.01168702
0.05978319
0.08581733
0.19795263
-0.07220811
0.05659624
-0.03685113
-0.04387373
0.22119634
-0.08732896
-0.02283748
0.21693784
0.00745769
0.15196308
-0.01384954
0.02071726
-0.00108345
0.00739246
-0.04206037
0.03160935
0.05324602
-0.08477792
0.02888679
0.11000064
-0.16433334
0.23288766
-0.03717281
0.06052421
0.05893447
0.04517315
-0.08733711
-0.03058008
0.15726711
-0.19338536
0.20769113
0.19380592
0.10503384
0.08149636
0.20164831
0.12232392
0.00141153
0.00150235
-0.25040707
-0.07075546
0.10920537
-0.10615354
0.10177544
0.04769

-0.02965024
0.06103557
0.05016558
-0.04047517
-0.10897295
-0.01050316
-0.05191801
-0.06409083
0.11635812
-0.11393116
0.28495249
0.04989534
0.23694992
0.07718399
0.02526817
0.12314361
0.10079107
0.05823235
-0.06767251
0.02017533
0.11833528
0.02998575
0.03604327
0.02381594
-0.11062466
-0.33646348
-0.08288378
-0.08926013
-0.05311817
-0.10037043
-0.06709366
0.0410145
-0.16741273
-0.05395491
-0.00480066
0.09031488
-0.07398541
-0.07666297
0.14311822
0.03251791
-0.17277059
0.01990177
-0.02154216
0.22356386
0.16644253
0.053326
0.00999563
-0.11550153
0.09594656
-0.15621811
0.03999655
0.12997392
0.11049172
0.1047392
0.01167692
-0.05550005
0.08150855
0.05963251
-0.13112536
-0.02730212
0.06295758
-0.08533555
-0.05043438
-0.0930495
0.23080748
0.05966347
-0.11146156
-0.14530911
0.04391308
-0.13794099
-0.17679542
0.04414385
-0.18439275
-0.15568572
-0.29273012
0.05763493
0.32437459
0.10533898
-0.24191916
-0.00205168
-0.02245218
-0.00483593
0.10331814
0.13448596
-0.00518265
0.03413318
-0.09301725
0.02399502
0.20046417
-0.13627164
-0.05297498
0.22850031
-0.00906895
0.08600468
0.0505916
0.00077415
-0.03505878
0.06036389
-0.08617406
0.00279946
0.1536853
-0.06637975
-0.04266525
0.08104009
-0.16115011
0.13488679
-0.03832063
0.01592088
0.09394083
-0.05990564
-0.1680045
-0.07179871
0.1402005
-0.21411642
0.21436864
0.16980357
0.08039498
0.07654244
0.12427279
0.09199459
-0.02992855
0.02268695
-0.21202573
-0.06338293
0.13356048
0.03740396
0.05719585
-0.03945493

-5.42044863e-02
1.15987659e-01
-1.35985129e-02
-6.34826943e-02
-1.42769352e-01
1.78350993e-02
-9.02281553e-02
-1.15533583e-01
1.08881436e-01
-9.68688428e-02
1.93122223e-01
1.61177944e-04
-2.64471114e-01
-6.04138412e-02
-5.52430786e-02
1.93797901e-01
-1.11157797e-01
-1.76696941e-01
-3.30061372e-03
2.71505248e-02
1.59631312e-01
4.67976108e-02
-6.58000708e-02
6.84255883e-02
-1.18135899e-01
-2.40581319e-01
-1.19324073e-01
-1.54063394e-02
-9.78740118e-03
-9.94330049e-02
-6.10980466e-02
-1.15189701e-02
-1.82666436e-01
-2.44225711e-02
6.18899129e-02
3.17726806e-02
-2.40021944e-02
-9.27990451e-02
1.52192026e-01
1.83062870e-02
-2.73209304e-01
7.71053210e-02
1.08771116e-01
2.13758796e-01
1.91024527e-01
2.63243765e-02
1.74837820e-02
-1.60552695e-01
8.51148441e-02
-1.46889016e-01
3.79757658e-02
1.66938081e-01
1.09458268e-01
6.97677359e-02
-3.49437408e-02
-1.87460154e-01
-3.37996185e-02
1.48509458e-01
-1.45688072e-01
3.90668996e-02
1.07780665e-01
-5.56450784e-02
-4.07243222e-02
-1.39143884e-01
1.95762351e-01
6.37288764e-02
-1.83410153e-01
-2.30066106e-01
1.23050131e-01
-1.58816427e-01
-1.30776852e-01
7.26301521e-02
-1.82163909e-01
-1.82747632e-01
-2.85442919e-01
3.85607034e-02
3.46554339e-01
1.13862984e-01
-1.80069923e-01
6.20766655e-02
6.38345070e-03
4.60901931e-02
7.06360787e-02
1.33390039e-01
1.82661563e-02
-1.67671591e-02
-4.04414684e-02
2.33403742e-02
2.61225164e-01
-3.94654237e-02
-1.30541800e-02
2.13369578e-01
-1.63072608e-02
8.62447694e-02
-2.48220470e-03
9.27386805e-02
-3.94316874e-02
1.96541995e-02
-9.74960029e-02
2.86297873e-02
-3.73357758e-02
-6.06350563e-02
2.57095993e-02
1.70626849e-01
-9.48291719e-02
1.27605692e-01
4.27431986e-03
6.79199025e-02
-3.06915417e-02
4.01645899e-02
-1.48652986e-01
-2.86142826e-02
1.09480016e-01
-2.16853544e-01
2.87908018e-01
1.35385782e-01
8.57630596e-02
1.85338072e-02
1.56886086e-01
1.04621984e-01
1.33149577e-02
-4.90909070e-02
-2.40521446e-01
-4.64653783e-02
1.17859542e-01
-1.04634017e-01
1.30432501e-01
-3.40962876e-03

-0.10430814
0.06149251
0.07656118
-0.0691672
-0.10451782
-0.03734017
-0.05184394
-0.06932259
0.12776795
-0.09795617
0.15520331
-0.03614297
-0.17505389
-0.06745254
-0.06299082
0.15664607
-0.09697639
-0.10457805
-0.04199035
-0.01625791
0.0933525
0.04651164
0.03354203
0.00278902
-0.14213888
-0.37192795
-0.06627321
-0.06461701
-0.01551736
-0.00659014
-0.06026495
0.1228273
-0.15831989
-0.05612637
0.00685712
0.14696448
-0.07300091
-0.05141883
0.16673467
0.04403591
-0.22676139
-0.04225478
0.03721227
0.23874269
0.18073368
0.03304253
0.05524682
-0.10602713
0.08518174
-0.22478503
0.00739205
0.14243805
0.00291137
0.08517548
0.01385407
-0.05845065
0.10599873
0.08430458
-0.14477493
0.00939359
0.06916203
-0.14028688
-0.06864185
-0.06955691
0.22984314
0.0725759
-0.08730497
-0.11373805
0.14545345
-0.13917027
-0.12320635
0.03411266
-0.12984619
-0.15437396
-0.30813703
0.00514581
0.39354047
0.14803438
-0.15424715
0.06174617
-0.04614107
-0.01718331
0.16097398
0.15892646
-0.03294867
0.03103781
-0.07303317
0.02142652
0.23292901
-0.05783315
-0.02962849
0.20394164
0.04032194
0.13084389
0.02860519
0.03131356
-0.06098174
0.04708388
-0.1313874
-0.01196828
0.13660687
-0.05237781
0.00493149
0.14411582
-0.16144019
0.16534969
-0.01060954
0.03341396
0.09670781
-0.04976024
-0.08969251
-0.06862209
0.13188168
-0.132882
0.14596555
0.20560421
0.0554594
0.10907415
0.17782097
0.05908425
-0.00336262
-0.02471136
-0.25391078
-0.01292247
0.11464688
-0.03216437
0.03974343
0.02537744

-3.84275615e-02
8.22681468e-03
-6.71817213e-02
-9.27116796e-02
-1.15702264e-01
4.66573425e-03
-5.21390811e-02
-5.13948053e-02
1.53816223e-01
-1.04524136e-01
1.74781978e-01
-5.87684363e-02
-2.39396781e-01
-7.91246444e-02
-6.36169985e-02
1.82946637e-01
-1.40909582e-01
-9.19815600e-02
-6.10774793e-02
2.83442475e-02
9.31738988e-02
4.75951843e-02
-3.76418047e-02
5.09334132e-02
-1.01018324e-01
-2.77223617e-01
-8.49909261e-02
-6.59243613e-02
-2.41092164e-02
-7.64987320e-02
-2.28022560e-02
5.47680408e-02
-1.38105646e-01
-3.12540084e-02
3.80330011e-02
9.23319012e-02
-3.06723844e-02
-5.84558547e-02
1.53745562e-01
2.65690945e-02
-2.69678384e-01
3.58883739e-02
5.40665016e-02
2.16575801e-01
1.80201307e-01
5.26822209e-02
-1.33862440e-02
-1.63634047e-01
1.40965730e-01
-1.72527492e-01
-5.61467372e-03
1.30055085e-01
6.86897561e-02
5.22548780e-02
7.24734785e-03
-1.12693496e-01
6.23038262e-02
1.09182358e-01
-1.36171684e-01
-3.49056199e-02
7.87284523e-02
-5.07571027e-02
-3.83202955e-02
-1.20474324e-01
2.15575337e-01
1.62433069e-02
-1.43556699e-01
-2.08459824e-01
1.24249920e-01
-1.98800281e-01
-1.55047685e-01
8.12659115e-02
-1.26266211e-01
-1.58670694e-01
-3.41170758e-01
-1.68536119e-02
3.43701690e-01
1.47518203e-01
-1.93435356e-01
8.16776454e-02
-1.58765633e-02
1.25418492e-02
1.31531537e-01
1.64748043e-01
1.74134597e-03
3.64651754e-02
-8.24262649e-02
-5.65094873e-02
2.28537261e-01
-7.20368922e-02
-8.03712662e-03
2.03637943e-01
2.61772983e-02
1.15890414e-01
1.36048878e-02
9.64085665e-03
-6.66544288e-02
2.24936642e-02
-9.94257331e-02
-2.12318264e-02
9.23841819e-02
-2.81257965e-02
3.18906717e-02
1.50631860e-01
-1.27772197e-01
2.01189801e-01
-2.28899028e-02
6.04330562e-02
6.19973466e-02
2.23864913e-02
-8.55215341e-02
-3.39781344e-02
1.47682786e-01
-2.04848886e-01
1.77985236e-01
1.25272363e-01
9.50352922e-02
4.55158800e-02
1.65514946e-01
1.15520142e-01
-7.27241337e-02
1.63299926e-02
-2.90253520e-01
-3.95262614e-02
8.25867280e-02
-6.72867447e-02
1.07794650e-01
1.07493717e-04

-1.46076784e-01
8.41931924e-02
7.91898444e-02
-6.10102825e-02
-5.18772788e-02
-7.09928721e-02
8.82120617e-03
-1.31399244e-01
1.18814453e-01
-9.09564644e-02
2.73522615e-01
-4.81061414e-02
-2.28761688e-01
-1.22147806e-01
-5.23895957e-02
1.75257504e-01
-1.61213636e-01
-1.02842674e-01
-1.16796464e-01
-1.29777482e-02
1.23283327e-01
3.77214365e-02
5.43445759e-02
1.75053515e-02
-1.09457187e-01
-3.95721525e-01
-7.63481259e-02
-6.32125437e-02
1.89577043e-02
-2.39476021e-02
-6.21621087e-02
-1.54479570e-03
-2.41292268e-01
-5.76926060e-02
-1.84187964e-02
8.11989456e-02
-6.82838261e-02
-6.58354461e-02
1.64299399e-01
2.18967404e-02
-2.62785971e-01
-6.99586701e-04
1.93348601e-02
2.33903617e-01
2.06083775e-01
3.13115977e-02
2.80137397e-02
-1.28489718e-01
8.39099884e-02
-1.76045403e-01
2.24366859e-02
1.26345322e-01
2.99937055e-02
3.47026438e-02
8.40989128e-03
-7.28542730e-02
-4.48963512e-03
1.29245341e-01
-1.40991598e-01
-3.19183208e-02
9.46383029e-02
-1.21918172e-01
-4.32811901e-02
-1.08901151e-01
2.19283357e-01
7.28245080e-02
-1.25132352e-01
-1.28965139e-01
1.33561343e-01
-1.55797005e-01
-4.15126011e-02
4.53100652e-02
-1.50018856e-01
-1.57037020e-01
-3.33128333e-01
4.19587083e-02
4.09800500e-01
5.56175597e-02
-1.32194579e-01
7.65447505e-04
-7.31332526e-02
2.47452017e-02
1.72578499e-01
1.37071311e-01
-2.64081769e-02
5.74778430e-02
-9.37281623e-02
4.41257507e-02
2.29131475e-01
-7.14252591e-02
-3.16810161e-02
2.25781024e-01
-2.49602851e-02
6.52653128e-02
2.92120092e-02
1.95828674e-04
-6.57476038e-02
3.49964574e-02
-1.10458061e-01
5.09541668e-02
3.43933888e-02
-5.25114723e-02
2.01003393e-03
1.00628845e-01
-9.25043970e-02
6.56995922e-02
7.96662457e-03
3.75640392e-02
5.67297377e-02
-6.64034113e-02
-1.14663854e-01
-1.27820164e-01
7.80869350e-02
-1.68980569e-01
2.05424771e-01
1.90912575e-01
5.68329059e-02
9.07469019e-02
1.22776747e-01
6.06444702e-02
-3.79374139e-02
2.10101977e-02
-2.31950104e-01
2.96527129e-02
1.53968990e-01
-2.27433722e-02
1.13165326e-01
-4.33896072e-02

-0.08234597
0.08587503
0.05709949
-0.0319605
-0.13850726
-0.05762043
-0.05500004
-0.09518736
0.14224461
-0.12986752
0.23052952
-0.06622069
-0.2110865
-0.0200129
-0.05528305
0.232759
-0.1777364
-0.12144808
-0.06537356
0.03254075
0.05742975
-0.01662887
-0.01227936
0.01758718
-0.12490349
-0.36197728
-0.05244229
-0.03889613
-0.08413228
-0.01258146
-0.07543744
0.09135123
-0.16749632
-0.06823339
0.0754026
0.09870492
-0.0201148
-0.07305072
0.16325516
-0.02319247
-0.29751965
0.06463636
0.09906145
0.23175427
0.17022072
0.01568639
0.01474997
-0.13678393
0.15164775
-0.20305377
-0.00171939
0.12074593
0.05109326
0.05638951
0.04183546
-0.12285346
0.0381756
0.13075885
-0.10878376
-0.0485802
0.12932664
-0.06263134
-0.00404276
-0.16611023
0.24897127
0.06690288
-0.16315548
-0.11791571
0.09187774
-0.10092512
-0.07270873
0.00949655
-0.15715285
-0.19609226
-0.33045861
0.00414669
0.36659935
0.13163199
-0.17927094
0.03716341
-0.03179343
0.02962943
0.10619043
0.17293651
0.02336819
0.04827779
-0.04836259
-0.01306925
0.24453507
-0.04534931
-0.00300824
0.23405421
-0.01852543
0.05656803
-0.01359196
0.01010473
-0.08807158
0.00290259
-0.15332289
0.02903179
0.00308207
-0.05312574
-0.01084275
0.13395442
-0.18274206
0.07579469
-0.03682315
0.0914841
0.04373159
0.03213366
-0.07241697
-0.06694888
0.07996334
-0.22341052
0.18396311
0.15776208
0.05385644
0.08666893
0.13087103
0.04610918
-0.02483253
0.0103244
-0.22999085
-0.0422185
0.11010114
-0.04023102
0.08959728
0.01166002

-6.29454181e-02
3.20763811e-02
-6.94833370e-03
-9.55759585e-02
-1.34268299e-01
-2.19409522e-02
-2.63952147e-02
-7.17704892e-02
1.10320941e-01
-1.68470174e-01
1.76743612e-01
-1.04910210e-01
-1.85936883e-01
-3.04744933e-02
-1.05088167e-01
1.81124330e-01
-1.40028656e-01
-1.62121981e-01
-7.24670142e-02
-1.32454280e-03
8.75822455e-02
7.58673772e-02
-1.24528334e-01
1.63309053e-02
-1.24713182e-01
-2.60437429e-01
-6.29324391e-02
2.80342996e-04
1.28841372e-02
-5.33058867e-02
-2.60630250e-02
6.77676871e-02
-1.49916708e-01
-2.05230061e-02
5.24366945e-02
7.65618235e-02
1.38066337e-02
-6.54152930e-02
1.50904089e-01
3.97217013e-02
-2.77462453e-01
4.97356802e-02
9.45079997e-02
2.38147214e-01
1.51119441e-01
1.59651693e-02
-2.45403871e-02
-1.49395749e-01
1.26836687e-01
-1.78928211e-01
-5.22465855e-02
1.43917695e-01
4.94160876e-02
9.38593373e-02
-6.68383483e-03
-1.25999346e-01
6.12002797e-02
1.06760398e-01
-1.01875082e-01
-1.65563058e-02
8.37792009e-02
-5.11200279e-02
3.92549485e-03
-1.13648541e-01
1.88434318e-01
-1.96846072e-02
-1.00256316e-01
-1.89040124e-01
1.53575391e-01
-1.80004627e-01
-1.40477732e-01
5.70815578e-02
-1.05937809e-01
-1.27061278e-01
-2.78619528e-01
-1.12961438e-02
3.73483956e-01
1.58729479e-01
-1.66413844e-01
9.54716355e-02
5.70271164e-03
1.83934383e-02
1.74929395e-01
1.19945318e-01
-1.11397374e-02
3.55233401e-02
-4.12719101e-02
-1.57572664e-02
2.82308251e-01
-1.39354290e-02
-2.10059211e-02
1.72563270e-01
2.48992555e-02
8.03613514e-02
4.82970029e-02
-5.25393849e-03
-4.44397926e-02
2.91418768e-02
-8.19331706e-02
2.28971913e-02
6.22167028e-02
-7.29545727e-02
2.69551799e-02
1.77906543e-01
-1.36769205e-01
1.98368788e-01
-2.51503102e-02
6.76409453e-02
2.73483209e-02
7.63392076e-02
-4.32931259e-02
-4.60488256e-04
1.22885875e-01
-1.77584991e-01
1.89035356e-01
1.52375773e-01
6.73979968e-02
6.23802096e-02
1.56828418e-01
7.58457184e-02
-4.24816422e-02
2.14524679e-02
-2.36616850e-01
-8.22268277e-02
6.71860129e-02
-9.45656970e-02
1.22647315e-01
1.06054544e-02

-0.09057184
0.07670252
0.0106755
-0.06148169
-0.09772763
-0.00956037
-0.08172421
-0.12162008
0.12545739
-0.15835066
0.24051267
-0.08825914
-0.20508619
-0.0753587
-0.08941316
0.18330738
-0.17261186
-0.13039836
-0.00829299
-0.06027271
0.10532644
-0.00738931
-0.05801819
0.01853823
-0.11171427
-0.31009462
-0.08897431
-0.06620212
0.00604536
-0.03276309
-0.02859499
0.02904451
-0.17304252
-0.03847096
0.0391219
0.09356087
-0.07075055
-0.04977728
0.17584087
-0.05304977
-0.14804284
-0.00515578
0.07610782
0.22277863
0.14737125
0.066453
0.00458711
-0.14663813
0.10472187
-0.16350244
-0.00333082
0.16124612
0.06507991
0.13970485
-0.03103466
-0.11240966
0.07006121
0.12283636
-0.11995909
0.01194642
0.08334932
-0.13521339
-0.03167839
-0.06414586
0.28338158
0.03508268
-0.13888595
-0.17017581
0.12693638
-0.15404198
-0.12426872
0.00184385
-0.11810552
-0.17829861
-0.30740553
0.0325062
0.36482006
0.15597653
-0.18137492
0.06743889
-0.02165634
-0.00202151
0.17352042
0.14914323
-0.0061887
-0.0155563
-0.08217747
-0.01620229
0.23523626
-0.07989029
-0.03198043
0.1918502
-0.00251164
0.11521854
0.01730345
0.02021888
-0.08377735
0.03540352
-0.10122915
0.00361425
0.04560212
-0.01398172
0.00539836
0.12507586
-0.10296068
0.16570204
-0.02363159
0.05302113
0.0019848
-0.0113287
-0.10547213
-0.06465596
0.12336824
-0.20402455
0.20827025
0.17070338
0.10556947
0.15377265
0.18482056
0.08407912
0.00167924
-0.022463
-0.24468635
-0.04162133
0.0815642
-0.01885146
0.09656249
0.00689461

-0.0530882
0.10447284
0.05325695
-0.03822018
-0.1002425
0.04316403
-0.04984177
-0.12672745
0.12080694
-0.15159807
0.18819828
-0.0222503
-0.24702151
-0.04680496
-0.0474047
0.14844085
-0.06028967
-0.15246099
-0.05732954
-0.029929
0.0497787
0.02526102
0.00133528
-0.00912712
-0.08529678
-0.31724718
-0.09869064
-0.05302088
-0.00289168
-0.05143417
-0.08405616
0.03852157
-0.12590709
-0.01959689
0.0125157
0.10119916
-0.0503361
-0.03620758
0.1770063
0.01961099
-0.21803316
-0.01128308
0.05496071
0.24328889
0.15622908
0.01328336
0.02282228
-0.12671228
0.07160547
-0.15267305
0.04786087
0.17480099
0.05326148
0.11459962
0.01431536
-0.06413122
0.07060538
0.13672128
-0.07903691
0.05727962
0.11432721
-0.12331085
-0.06563164
-0.04736753
0.25334489
0.05143472
-0.09364533
-0.1797916
0.11380726
-0.13079177
-0.17776719
0.02124969
-0.17365901
-0.14823212
-0.25649729
0.06188332
0.39149716
0.14977381
-0.1810113
0.1028971
-0.03634153
-0.01819628
0.17523392
0.15611477
-0.01875443
0.01306596
-0.06663837
0.00925889
0.25257874
-0.06012915
-0.03302939
0.19491343
-0.01405044
0.11147949
0.04176868
0.02691865
-0.03598875
0.03703146
-0.14402963
-0.05878539
0.12213904
-0.07917906
0.00218084
0.11554125
-0.17443201
0.14676936
-0.00370277
0.07034018
0.11764895
-0.00236675
-0.10025486
-0.05314547
0.17152493
-0.18831609
0.22165598
0.18362337
0.07952929
0.05471316
0.19920707
0.09421322
0.04028602
-0.02053138
-0.2361479
-0.03674259
0.12117858
-0.02746791
0.05765062
0.02201395

-0.11185562
0.05350965
0.04603229
-0.13781463
-0.14122166
-0.05580705
-0.05056517
-0.07146213
0.15255898
-0.14535235
0.18592036
-0.06043617
-0.21916401
-0.09479313
-0.05536103
0.19437698
-0.18383427
-0.13057339
-0.05861825
0.01745903
0.06853471
0.05232341
0.03086905
0.02982784
-0.14846708
-0.33514959
-0.06636938
-0.07873475
-0.0850272
-0.00634389
-0.01824103
0.06818633
-0.16007595
-0.04770175
0.02875718
0.08660939
0.007799
-0.06347314
0.16475171
0.02790222
-0.28745791
-0.02185883
0.05239173
0.23176377
0.14977825
0.01473265
0.05430274
-0.15656936
0.18045543
-0.17428133
-0.01181455
0.14121905
0.04323874
0.00139637
0.04268757
-0.1148141
0.07222243
0.15166087
-0.09213246
-0.03948269
0.10128475
-0.02141483
-0.00991631
-0.13760577
0.27242854
0.01691777
-0.14705315
-0.14866483
0.14304215
-0.08478501
-0.09656753
0.07434119
-0.19287996
-0.16179197
-0.28232095
-0.03465024
0.36216453
0.10948293
-0.18209705
0.03335772
-0.10710306
0.03825454
0.11982761
0.19575194
0.01079269
0.07345951
-0.07733287
-0.02227616
0.23843566
-0.08739358
-0.00204535
0.22084007
0.05105181
0.09286486
-0.01008069
-0.06015879
-0.10613761
0.05496853
-0.11402455
0.03106872
0.04428058
-0.01351706
-0.00361856
0.13300334
-0.13691132
0.12671645
-0.01176235
0.05532868
0.01323969
-0.00979655
-0.04200132
-0.08990277
0.09750998
-0.16484015
0.13798374
0.14838369
0.05936427
0.10903478
0.13918529
0.08754373
-0.04691177
0.02702131
-0.22932644
-0.00323059
0.13053915
-0.06895953
0.10529343
-0.01491265

-1.60297137e-02
8.38429406e-02
5.80707043e-02
-5.66968173e-02
-1.25905007e-01
-4.00917232e-02
-4.75571528e-02
-1.09338917e-01
1.28128216e-01
-1.27647102e-01
1.93980038e-01
-3.53964008e-02
-2.54663140e-01
-3.02753486e-02
-3.74894552e-02
1.50907189e-01
-1.35192320e-01
-1.11444116e-01
-6.53254986e-02
-2.04117503e-03
7.20712617e-02
3.66828553e-02
-1.35733243e-02
2.91891582e-02
-8.01195130e-02
-3.22595298e-01
-7.97606930e-02
-1.22790821e-02
-7.32225701e-02
-4.62309532e-02
-6.09513931e-02
7.98541680e-02
-1.43118411e-01
-4.01238948e-02
-1.65590551e-03
6.41051754e-02
-1.52467079e-02
-8.98507610e-02
1.55592293e-01
1.72786098e-02
-2.41791725e-01
-4.19749413e-04
3.78318876e-02
2.16259152e-01
2.04729676e-01
-2.55465638e-02
1.58585962e-02
-1.02012917e-01
1.06045447e-01
-2.32464179e-01
-3.44189182e-02
1.50418669e-01
1.91357229e-02
4.68683317e-02
-4.13046330e-02
-1.26809463e-01
2.31291577e-02
9.54906940e-02
-9.45852473e-02
-2.63064075e-02
1.05660394e-01
-1.52907893e-01
-8.45915750e-02
-8.71412158e-02
2.10674286e-01
6.59151375e-02
-1.33316860e-01
-1.73428029e-01
6.63068369e-02
-1.71601653e-01
-1.19236782e-01
1.95675567e-02
-1.71503469e-01
-1.50270626e-01
-3.07626337e-01
2.06985436e-02
3.66392583e-01
8.90340433e-02
-1.83519289e-01
5.60240708e-02
-7.76312873e-02
5.33037186e-02
1.35368094e-01
1.51858032e-01
1.93901137e-02
3.34515199e-02
-1.18135057e-01
3.60437110e-02
2.17764840e-01
-8.53786543e-02
-2.25740150e-02
2.55963326e-01
3.51574738e-03
1.30402714e-01
3.16277221e-02
5.17618582e-02
-3.03837769e-02
3.68505642e-02
-1.20230615e-01
6.35261536e-02
1.12292737e-01
-5.30307069e-02
-3.54610151e-04
1.34555265e-01
-1.44321859e-01
1.21961467e-01
-2.61792317e-02
8.42283592e-02
1.08676992e-01
-6.54106215e-02
-9.54074040e-02
-9.25601423e-02
1.49538383e-01
-1.84429675e-01
1.22002691e-01
1.72469631e-01
3.67591605e-02
8.45976770e-02
1.27792552e-01
8.52589533e-02
-2.57064030e-02
-1.85347125e-02
-2.55237222e-01
5.95570635e-03
8.72801244e-02
-2.08374392e-02
2.27034390e-02
-9.44543444e-03

-0.05912518
0.11048345
0.02729523
-0.05293473
-0.05782838
-0.0105752
-0.05219296
-0.10784718
0.07719976
-0.14644893
0.18911979
-0.08324397
-0.21265781
-0.09271678
-0.05782823
0.16773434
-0.1004891
-0.09154093
-0.09445968
-0.00432554
0.12713797
0.00767495
0.02034672
0.04567759
-0.1041245
-0.28411376
-0.1207012
-0.03710826
0.01659045
-0.05129933
-0.06591561
0.04489049
-0.16804083
-0.06455098
0.01113521
0.08739773
-0.03083321
-0.06633778
0.16142491
-0.00836814
-0.1904525
0.06371947
0.05028794
0.23017718
0.18883812
0.08262455
0.02006123
-0.14595893
0.10606758
-0.16367556
0.06339777
0.13704272
0.03404622
0.15233296
0.03372153
-0.10079633
0.10067065
0.06331314
-0.06673983
-0.01524069
0.07788368
-0.07617404
0.00909856
-0.09659389
0.21480839
0.01570277
-0.09555025
-0.16891348
0.10730458
-0.13832051
-0.10774413
0.05942148
-0.14423263
-0.09882416
-0.29907578
0.05268298
0.35168877
0.19140643
-0.16155349
0.0791117
-0.07091489
0.00112114
0.13572922
0.10390685
-0.02322472
0.01428516
-0.05093981
0.02386924
0.23163483
-0.07227364
-0.05658751
0.23141128
0.01171959
0.07791902
0.0428326
0.01019879
-0.07133711
0.04169739
-0.09107029
0.00880731
0.13856009
-0.08006727
0.00620326
0.12073736
-0.1716281
0.16653429
-0.03871514
0.08318267
0.06866963
0.02630288
-0.18063805
-0.00334374
0.13217081
-0.21147257
0.22895403
0.16516832
0.06750947
0.05114946
0.21347791
0.13716371
-0.01087236
-0.00817922
-0.19544546
-0.0768148
0.16863154
0.00921295
0.11169041
0.02826434