-0.04934981
0.03652824
0.02009987
0.01242795
-0.10730417
0.03654511
-0.04699671
-0.09414991
0.0948642
-0.082891
0.19149102
-0.05150474
-0.24633169
-0.10402332
-0.12387288
0.18770298
-0.14206794
-0.12461157
-0.02140173
0.03718199
0.11511675
0.04893231
-0.00838145
0.00862657
-0.04834687
-0.29345152
-0.07901403
-0.09968656
0.01829575
-0.03299823
-0.0768327
0.04620379
-0.13692069
-0.02256462
0.04068437
0.09984846
-0.03014889
-0.06952029
0.15271643
0.03557984
-0.20978394
0.04467366
0.01717423
0.22826868
0.13672496
0.06149016
0.01954516
-0.16207767
0.11844277
-0.16318655
0.03215492
0.18154457
0.13096918
0.09434635
0.02098108
-0.13030876
0.06295953
0.06595069
-0.0870661
0.02315136
0.0835195
-0.01888236
0.04526784
-0.11723066
0.19325578
-0.01721015
-0.10689175
-0.17469084
0.13173872
-0.14487876
-0.15894569
0.05710473
-0.15410163
-0.14978142
-0.29244244
0.00157832
0.38673016
0.15892692
-0.18486314
0.04438068
-0.06642851
-0.01080709
0.1095847
0.14974046
0.01495415
0.02598483
-0.11080675
-0.06243379
0.21884263
-0.09903214
-0.02132229
0.21199605
0.0085191
0.1096509
-0.00099458
-0.00955725
-0.02704081
0.07939755
-0.06960806
-0.01623939
0.02776225
-0.06442081
0.02689685
0.10279935
-0.12541032
0.11819135
-0.0280545
0.08701804
0.0483109
-0.00039422
-0.14674653
0.00433676
0.15331505
-0.22270215
0.23201846
0.15386418
0.10491974
0.04801171
0.16536941
0.11951613
-0.03900553
-0.05961703
-0.25273681
-0.07316595
0.08524164
-0.03807798
0.03007401
0.03836951

-1.27272576e-01
4.40453105e-02
3.39084826e-02
-6.65532574e-02
-7.46567175e-02
-1.59719735e-02
-7.38447718e-03
-1.47755727e-01
1.82196274e-01
-1.50854498e-01
2.70038873e-01
-4.51364256e-02
-2.01996952e-01
-8.72366205e-02
-6.43604845e-02
1.58539504e-01
-2.17019245e-01
-8.28566253e-02
-4.07426879e-02
4.90344130e-03
1.38020590e-01
1.07465843e-02
-1.73081330e-03
5.65828662e-03
-7.64677376e-02
-3.13962072e-01
-1.16592102e-01
-9.90028232e-02
2.82642096e-02
-1.94931012e-02
-1.38503164e-02
-1.34793557e-02
-1.82098255e-01
-5.83505854e-02
-9.86077264e-03
6.89454228e-02
-4.04186435e-02
-8.64483342e-02
1.49207905e-01
-4.47065532e-02
-2.02815890e-01
9.53785423e-03
4.41689789e-02
1.70352682e-01
1.50664434e-01
4.60566431e-02
-5.35938889e-04
-1.76418081e-01
1.18106991e-01
-1.57798156e-01
-7.43412785e-03
1.07300162e-01
9.73844975e-02
7.07816929e-02
3.04062739e-02
-1.21234968e-01
4.81684953e-02
1.17230624e-01
-1.10677786e-01
2.25354414e-02
7.62655959e-02
-1.09081767e-01
-6.74844906e-03
-6.02626167e-02
2.18820333e-01
4.50363271e-02
-1.19624801e-01
-1.80889785e-01
1.19175665e-01
-1.25525132e-01
-1.21329904e-01
5.84070347e-02
-1.47334591e-01
-1.84230477e-01
-3.06273997e-01
1.38887288e-02
4.03956771e-01
8.36732537e-02
-1.68333277e-01
3.79931331e-02
-7.43525252e-02
5.76935848e-03
1.54974014e-01
1.88379690e-01
3.40583995e-02
-3.07348836e-02
-1.04734704e-01
-2.31913514e-02
2.05478698e-01
-1.09855443e-01
-2.29536556e-02
2.17653140e-01
-3.14254910e-02
8.98294300e-02
-3.32983918e-02
1.11678950e-02
-7.41247460e-02
8.95161629e-02
-5.49689420e-02
2.40254775e-03
8.92266706e-02
3.61251645e-04
1.40146120e-03
1.14880368e-01
-1.27875477e-01
8.96740779e-02
-2.66938955e-02
4.13473397e-02
7.60176629e-02
-7.12856650e-02
-7.67290294e-02
-3.71041261e-02
1.07818268e-01
-2.34279767e-01
2.30403796e-01
1.79065838e-01
3.54947336e-02
1.27300233e-01
1.11053705e-01
9.14635360e-02
-8.02075490e-04
1.01851467e-02
-2.68697053e-01
-8.86088051e-03
8.17630887e-02
-1.82510912e-02
4.87620011e-02
-2.71540098e-02

-0.04560272
0.05676422
0.02816931
-0.0434409
-0.12116786
-0.01563048
-0.08509246
-0.10131413
0.12980233
-0.1134581
0.22308166
-0.04802676
-0.2049076
-0.03066056
-0.02801836
0.15789579
-0.14047618
-0.12811381
-0.09596977
-0.05045692
0.05742201
0.07231496
-0.01803876
0.00173838
-0.10915752
-0.34751382
-0.0974322
-0.03697876
0.03316325
-0.04774967
-0.08537712
0.09030999
-0.13301978
-0.03642146
0.08539233
0.10586286
-0.01473914
-0.10960986
0.13271722
-0.05002816
-0.25369966
0.0510212
0.08710887
0.21532804
0.24035226
-0.00374083
0.01754238
-0.15953277
0.14167181
-0.11393689
0.00848099
0.16560033
0.0455061
0.1188135
-0.00777642
-0.1255109
0.04066605
0.1318606
-0.07970297
-0.08095264
0.09402894
-0.10850374
0.0010195
-0.07534511
0.18897511
0.01119722
-0.10359522
-0.22585663
0.09406372
-0.15174098
-0.10166322
0.05203995
-0.2194166
-0.15912692
-0.2985903
0.0491694
0.36281553
0.08866704
-0.155779
0.12229469
-0.00770785
0.01761139
0.12557957
0.14860563
-0.01288379
0.00787045
-0.1007015
0.03695004
0.28918841
-0.08606622
-0.01823379
0.18444914
-0.00660257
0.07962561
0.06326418
0.07728242
-0.06589891
0.03909197
-0.133186
0.00738312
0.08533475
-0.02530412
-0.00433371
0.13873696
-0.1363537
0.15043524
-0.01515184
0.08225862
0.04829514
-0.05928234
-0.03884327
-0.06180793
0.13734935
-0.19626999
0.18293484
0.15324055
0.12330762
0.12649763
0.12640585
0.07893961
-0.02179837
-0.00924781
-0.2364247
-0.00818997
0.10019782
0.01186537
0.04985659
0.0132033

-0.08212651
0.08887357
-0.02907662
-0.03582002
-0.13997227
-0.05882013
-0.09886713
-0.06228242
0.11538596
-0.08028354
0.21560416
-0.04849049
-0.17120993
-0.13246888
-0.04056377
0.16435754
-0.17413177
-0.13075413
-0.02168031
-0.07002273
0.06907
0.07449926
-0.00513397
0.05352564
-0.11503195
-0.30539489
-0.07337318
-0.10677379
0.00944463
-0.12587488
-0.03086674
0.06061611
-0.16529788
-0.08966846
0.09051867
0.09041236
-0.01026656
-0.03629495
0.17837019
0.00283849
-0.18630244
0.02845567
0.09201698
0.240961
0.2181426
0.04978769
-0.00096894
-0.18685147
0.17428018
-0.0737483
0.04081848
0.16979431
0.04178971
0.07809941
-0.00226214
-0.10437687
0.04142606
0.14396352
-0.1323542
-0.00147029
0.07207336
-0.08039197
-0.03350575
-0.04596773
0.18665899
-0.01874332
-0.06636446
-0.23099817
0.13195279
-0.16823071
-0.15088367
0.10960628
-0.12892425
-0.15766133
-0.27524793
0.01468569
0.35817483
0.07735047
-0.15542284
0.1060653
0.01568481
-0.0918195
0.11854989
0.16265224
-0.01766854
-0.01468937
-0.07147906
0.02329734
0.2640515
-0.01625749
-0.00928199
0.18822175
-0.01032707
0.10446486
0.07871902
0.02627546
-0.08021954
0.06873477
-0.09677732
-0.05582105
0.08225502
-0.077857
-0.0185442
0.09619384
-0.14065072
0.13465771
-0.01531856
0.06100709
-0.0244663
-0.04466053
-0.0634675
-0.00746851
0.16026671
-0.19086285
0.2564944
0.12757862
0.11034989
0.11994912
0.13899992
0.07461303
-0.00656751
-0.06960242
-0.23042768
-0.01545348
0.08466685
-0.04180746
0.12326393
-0.0020001

-0.05532447
0.09016093
-0.00704786
-0.06064713
-0.11569366
-0.03278538
-0.06568011
-0.07313089
0.15569898
-0.07542396
0.24576996
-0.00564152
-0.20641869
-0.09733628
-0.09247433
0.16219737
-0.1702136
-0.09577259
-0.07155941
0.04925895
0.11296763
0.08708516
0.07117447
0.01172253
-0.09643755
-0.31379008
-0.0706524
-0.08772326
-0.01821366
-0.09968207
-0.02129437
0.04940273
-0.17477611
-0.04551152
0.05359714
0.07508289
-0.05140372
-0.02645904
0.17435296
0.0222884
-0.25963357
0.04216256
0.00864204
0.27140424
0.19074295
0.00592085
-0.00511602
-0.16950978
0.12986343
-0.15321417
0.03198717
0.14321044
0.05779484
0.05093022
0.00585856
-0.08707294
0.06132274
0.12912308
-0.12758456
-0.01027062
0.08100151
-0.08157932
-0.05169957
-0.0788869
0.19394337
0.01146038
-0.1217116
-0.22778675
0.07935452
-0.15190786
-0.1129046
0.1307524
-0.1736965
-0.17419314
-0.29839933
-0.00693229
0.37775326
0.04774678
-0.20125054
0.05252235
-0.0055827
-0.00846675
0.09539381
0.18438263
-0.01774623
0.0723701
-0.11135125
0.01043532
0.22561455
-0.11330667
-0.04949781
0.24330108
0.00832401
0.09100644
0.05927548
0.00250972
-0.02717229
0.03725728
-0.12524231
-0.00687509
0.0750732
-0.07254425
-0.05646328
0.10618114
-0.10662748
0.13510329
-0.01703762
0.05689772
0.04396945
-0.05221262
-0.0861256
-0.08940418
0.14620632
-0.1950811
0.23854116
0.15143223
0.11704703
0.06849764
0.11073393
0.07626373
-0.04032744
0.03542635
-0.22343828
-0.00206467
0.10360008
-0.039862
0.0773595
-0.04992402

0.009641
0.02042264
0.00465129
-0.02170204
-0.06331988
0.00508054
-0.09762428
-0.08146003
0.19810401
-0.17980599
0.24653317
-0.03218181
-0.21339746
-0.08481057
-0.07618272
0.17298751
-0.20721395
-0.14943913
0.00638334
-0.02803827
0.07733875
-0.01144151
-0.02089302
0.09631035
-0.09600651
-0.34231198
-0.17378502
-0.12119768
0.0474024
-0.08486971
-0.09915195
0.03376262
-0.14159597
-0.02632068
0.0424766
0.05966397
-0.00205026
-0.10183199
0.21412028
0.07525511
-0.13173713
0.05666571
0.00700596
0.26997915
0.11322154
0.07002457
0.01787203
-0.11622991
0.21966408
-0.15178207
0.01164297
0.23472093
0.14468248
0.1123492
-0.01031883
-0.09733383
0.0822963
0.08940791
-0.17765197
0.04475998
0.0449301
-0.07764053
-0.0104455
-0.03498892
0.20799837
0.05544456
-0.12709312
-0.1688519
0.12345036
-0.17344849
-0.08504536
0.02111508
-0.19609299
-0.16829808
-0.2665332
0.00978136
0.40453625
0.13218318
-0.1642101
0.08844639
-0.07015896
-0.04142535
0.0853666
0.16148393
-0.02887888
0.01917547
-0.1093035
0.01524416
0.21449362
-0.07246514
0.01602053
0.21142517
-0.00264348
0.14342894
0.03322428
0.0244543
-0.08671173
-0.0080829
-0.07853369
0.0203767
-0.01139968
-0.01434251
-0.02642107
0.02855612
-0.14619094
0.11904207
0.00553054
-0.01264208
-0.0108999
0.02872064
-0.16841252
-0.07785593
0.12683177
-0.26575232
0.17360888
0.16508722
0.10475757
0.11825487
0.08943986
0.10138276
-0.06524835
-0.09500686
-0.18036067
-0.08955218
0.05248879
0.01729097
0.02717419
-0.0558211

-0.03171389
0.05687436
0.00102308
-0.06021172
-0.1118967
0.00909194
-0.11498006
-0.12434493
0.07889419
-0.15678348
0.20713329
-0.07516512
-0.17979512
-0.09186517
-0.05564535
0.15506306
-0.12617245
-0.10783993
-0.07228424
0.01204422
0.0365326
-0.01371681
0.0239994
0.05825619
-0.09758733
-0.30955818
-0.12062518
-0.04770398
0.01868889
-0.06288626
-0.07493769
0.00529258
-0.1242172
-0.01989838
0.04072167
0.09623534
0.03484922
-0.06288422
0.16454348
-0.02597154
-0.22650374
0.04092028
0.06993094
0.21155107
0.20160602
0.05558148
0.03569085
-0.17377429
0.17767185
-0.11153151
0.05380739
0.13154054
0.06366988
0.07481793
-0.01941951
-0.12654597
0.05346312
0.1674872
-0.08800496
0.01302056
0.05823146
-0.02574188
-0.0256943
-0.07608757
0.22776553
0.06717066
-0.14525267
-0.24018353
0.10832463
-0.16350916
-0.09694298
0.0542828
-0.18761744
-0.13447666
-0.31160349
0.01892755
0.3847439
0.10029802
-0.19775961
0.03927984
-0.03519275
-0.01478682
0.10499754
0.17138596
-0.03030065
-0.01369556
-0.06359134
-0.01494203
0.2545965
-0.06277974
-0.01556472
0.17233023
-0.0090416
0.08554356
0.0250155
0.07650395
-0.10988773
0.06749498
-0.09290752
0.00895451
0.08387993
-0.07260562
0.01466747
0.12250122
-0.18325154
0.18586238
-0.03774732
0.0587374
0.08426004
0.01750193
-0.09433428
-0.05225904
0.17730391
-0.2133452
0.19832371
0.17513095
0.13152193
0.09210825
0.16765605
0.1515047
0.00203618
0.04068584
-0.20276195
-0.03501046
0.05874475
-0.06797302
0.07785469
0.00456653

-0.03020938
-0.02112749
0.003821
-0.05006972
-0.06308714
-0.02285003
-0.04988895
-0.08217002
0.14793004
-0.15075803
0.23654136
-0.02005477
-0.18126659
-0.11521783
-0.04278608
0.11387572
-0.11538485
-0.06865095
-0.06931301
0.01161544
0.0626061
0.01585813
0.04595769
0.03070928
-0.13582882
-0.31345513
-0.16092706
-0.08767296
-0.05021258
-0.0370397
-0.02396387
0.06125035
-0.1597987
-0.01859232
0.0142124
0.10350546
0.00655318
-0.03544696
0.15612939
0.06269675
-0.18210532
0.04083506
-0.01266589
0.23593357
0.14025635
0.04826645
0.01689618
-0.13809656
0.12140558
-0.13249011
0.06166497
0.13428128
0.07602546
0.06957977
-0.00088183
-0.0640048
0.10247102
0.09862529
-0.11523422
0.00149194
0.05737221
-0.07747272
-0.06537704
-0.03605983
0.20347166
0.08338183
-0.11225284
-0.22234757
0.10270086
-0.16564095
-0.12148271
0.07026494
-0.1886584
-0.15394065
-0.30863714
0.05198729
0.39487323
0.12960453
-0.20606904
0.04678817
-0.09247833
-0.00171347
0.12248702
0.17175308
0.00081301
0.03403994
-0.1050439
0.02022621
0.1989352
-0.09135342
-0.03885998
0.23020543
0.01328221
0.11952752
0.01440189
-0.02712436
-0.05432833
0.07208508
-0.07691207
0.00362157
0.13712765
-0.00385495
0.00556371
0.09724043
-0.15345639
0.16933303
-0.02257142
0.00809673
0.1101032
-0.005764
-0.11985184
-0.08074383
0.12866066
-0.2356008
0.17459351
0.15103678
0.1052527
0.09441207
0.14118661
0.13577785
-0.03213116
0.01596932
-0.24087021
-0.00785956
0.06671616
0.00320459
0.04561951
-0.02079223

-0.07765669
0.05703104
0.11066757
-0.01938596
-0.11218058
-0.06351426
-0.05274159
-0.10272521
0.15637371
-0.09271801
0.16188845
-0.043597
-0.19120692
-0.04339903
-0.0630999
0.19260773
-0.11050723
-0.11858372
-0.08761647
-0.03111293
0.02799452
0.02571105
0.04285063
0.00729118
-0.08132692
-0.3681204
-0.07263624
-0.09653889
-0.02334569
0.01128669
-0.09476594
0.11116913
-0.13153353
-0.0415612
0.03576623
0.07198807
0.00046723
-0.04139519
0.17746112
0.00561417
-0.2261976
0.00054218
0.05520904
0.17882447
0.17014225
0.04215443
0.07677667
-0.12685795
0.11436971
-0.1591842
-0.02616511
0.15813819
0.08980269
0.05610927
0.01349881
-0.09027691
0.06248852
0.06501941
-0.10903983
-0.00427829
0.10020898
-0.0936731
-0.1186486
-0.05854808
0.3040728
0.09941963
-0.11840574
-0.13889876
0.13724084
-0.11721911
-0.11782171
-0.01282084
-0.17834322
-0.1069276
-0.2516565
0.00966947
0.41027012
0.04922819
-0.22043969
0.08373261
-0.1127855
0.03289986
0.07582859
0.1368995
-0.09599978
0.03658171
-0.06228377
-0.03841423
0.22367504
-0.08237633
0.01424454
0.1660008
0.02488317
0.11055695
0.01167472
-0.01946847
-0.04975937
0.02233872
-0.10367444
-0.01851971
0.12802428
-0.04835341
0.01109199
0.0771904
-0.20284729
0.11580775
-0.03405505
0.0405421
0.11933191
0.02396048
-0.07710498
-0.09111703
0.1413748
-0.16682908
0.19325802
0.16241115
0.02868077
0.09820042
0.12728651
0.13340867
-0.02307216
0.05394626
-0.17667012
-0.04936456
0.1490819
-0.04545344
0.03104305
0.0192803

-0.06349649
0.09359843
-0.06774902
-0.10773775
-0.15284273
-0.00924162
-0.05781022
-0.05816428
0.20779213
-0.08220819
0.20850974
-0.04173942
-0.23191515
-0.03959968
-0.09656976
0.22012368
-0.22054818
-0.15126345
-0.02749281
0.05220733
0.14269644
0.02973807
-0.02604783
0.06744679
-0.13788624
-0.30890763
-0.08889613
-0.03026528
-0.04170377
-0.08994332
0.01511605
0.02971097
-0.1908941
-0.05327166
0.09359904
0.09594401
-0.00749364
-0.13956462
0.16561559
0.06613719
-0.30338395
0.04698198
0.08394045
0.24444553
0.13268436
0.00885788
0.00640843
-0.20510109
0.16888686
-0.19128907
-0.0139273
0.17972286
0.01811049
0.05180247
-0.02626127
-0.09601568
0.06996877
0.18697101
-0.17942637
-0.05247731
0.11093449
-0.04929149
-0.04406695
-0.14992182
0.18109278
0.0832992
-0.12203217
-0.25776377
0.10308641
-0.14206052
-0.15120824
0.08885853
-0.14828451
-0.20097163
-0.29808384
-0.01994125
0.35991028
0.10969628
-0.12245513
0.10082684
-0.02404798
0.02855158
0.06740712
0.18208574
0.01346518
0.07795182
-0.07020425
0.01801998
0.27943709
-0.07063799
0.00310477
0.23888604
-0.00207401
0.07230032
0.01914543
0.02478365
-0.07569286
0.04497628
-0.11547344
-0.03690373
0.0704097
-0.00985944
0.01315577
0.12710504
-0.17726141
0.1003544
-0.02316218
0.02231468
0.03070408
-0.03445848
-0.05812623
-0.04228458
0.12128112
-0.21963875
0.23912238
0.14473578
0.10112651
0.0625198
0.14696644
0.06327117
-0.02934849
-0.0374569
-0.23067537
-0.01817662
0.08888189
-0.03513293
0.08980724
-0.06656512

-4.40403447e-02
8.18724334e-02
4.56180722e-02
-7.75618106e-02
-1.47674978e-01
-5.26003875e-02
-3.16536985e-02
-1.23487502e-01
8.58264118e-02
-1.45149350e-01
2.65962303e-01
-8.51308927e-02
-2.07185745e-01
-4.74630818e-02
-9.15531218e-02
1.82293043e-01
-1.39588416e-01
-1.04917347e-01
-1.08880140e-01
2.58453973e-02
9.12772566e-02
4.06179354e-02
5.03704064e-02
6.12482196e-03
-1.05634660e-01
-3.01631510e-01
-7.42402077e-02
-6.76071197e-02
-2.70689391e-02
-1.41102476e-02
-3.53804082e-02
4.02689166e-02
-1.32655874e-01
-3.68801244e-02
3.28621753e-02
3.74851041e-02
-3.97306010e-02
-1.02674991e-01
1.85486749e-01
-4.77529038e-03
-2.79050797e-01
6.94816979e-03
8.56492519e-02
2.24864542e-01
1.38255477e-01
9.34344251e-03
4.38991785e-02
-2.02801138e-01
1.17617004e-01
-1.91666141e-01
6.37525506e-03
1.11615226e-01
3.65980640e-02
6.94323406e-02
5.82073070e-03
-6.49762899e-02
6.91474825e-02
1.39002979e-01
-7.76761025e-02
-2.91103050e-02
1.19335301e-01
-4.14559096e-02
-5.38810566e-02
-1.42448261e-01
2.65289396e-01
6.26426265e-02
-1.47702888e-01
-1.39035121e-01
1.05306163e-01
-1.22899368e-01
-1.64956048e-01
5.43209314e-02
-1.49747014e-01
-1.35653839e-01
-2.91550905e-01
-3.75225842e-02
3.62146288e-01
8.98936167e-02
-1.81366622e-01
1.18026808e-02
-9.73973125e-02
5.21598831e-02
1.41812235e-01
1.61921933e-01
-1.64364837e-03
2.69751810e-02
-8.29279870e-02
-1.78725012e-02
2.67470777e-01
-1.63768828e-01
1.76115427e-05
2.57207543e-01
4.53181118e-02
7.06006438e-02
6.00855192e-03
3.11099458e-02
-7.09351003e-02
4.84727398e-02
-1.14895552e-01
3.49400714e-02
1.11851685e-01
-3.14186774e-02
-6.99548889e-03
1.21501818e-01
-1.75848484e-01
9.70399529e-02
-1.47078196e-02
5.31478040e-02
1.39091834e-01
-4.49470431e-02
-5.91967888e-02
-1.18842505e-01
1.05773464e-01
-1.74517021e-01
1.53817713e-01
1.62785292e-01
7.89335892e-02
6.71688318e-02
1.73468858e-01
8.61393288e-02
-2.74834875e-02
-1.15449866e-02
-2.40182430e-01
-1.88783165e-02
1.32613599e-01
-1.45573672e-02
1.42972982e-02
-1.83589011e-02

6.69491990e-03
8.97989795e-02
-4.38471101e-02
-7.81869739e-02
-9.48036835e-02
1.54612986e-02
-7.40104392e-02
-7.98719972e-02
1.45388067e-01
-1.04155615e-01
1.96219027e-01
-1.36290221e-02
-1.95653513e-01
-8.87257755e-02
-6.75602481e-02
1.65173858e-01
-2.03153327e-01
-1.12553135e-01
-3.12585421e-02
-6.03891946e-02
6.47112504e-02
4.47034016e-02
1.89290084e-02
1.81779731e-02
-5.89490049e-02
-3.06560278e-01
-6.06472343e-02
-6.48186356e-02
5.01083285e-02
-5.74090742e-02
-8.07127953e-02
6.00534342e-02
-1.77677318e-01
-6.87129050e-02
8.97036269e-02
6.91781193e-02
-2.17602998e-02
-3.18185911e-02
1.79852962e-01
3.74974273e-02
-1.78740874e-01
2.19233092e-02
2.83291303e-02
2.63758212e-01
2.15675086e-01
1.24247372e-02
2.06955038e-02
-1.73644394e-01
1.68317780e-01
-1.03679985e-01
2.75137573e-02
1.87472850e-01
9.55796167e-02
8.78240466e-02
-6.22694343e-02
-1.02630377e-01
2.08778270e-02
1.52641699e-01
-7.79939219e-02
1.61398072e-02
9.55547690e-02
-9.37457234e-02
-1.98444203e-02
-6.62143305e-02
2.44721144e-01
3.19233141e-03
-1.27390310e-01
-2.37528130e-01
1.31111085e-01
-1.08267270e-01
-1.29831493e-01
1.33944079e-02
-1.79985449e-01
-1.36387065e-01
-2.55006254e-01
2.80884691e-02
3.53691876e-01
7.24138990e-02
-1.74874797e-01
8.24038759e-02
-7.05018342e-02
-1.73497200e-02
1.20905347e-01
2.01743171e-01
-3.38698961e-02
3.88159342e-02
-3.65932211e-02
1.67430192e-02
2.50648737e-01
-9.17586461e-02
-6.11898527e-02
1.89601392e-01
-4.42644432e-02
1.37631997e-01
4.91834916e-02
2.51680873e-02
-6.93211108e-02
8.66863504e-02
-1.38111353e-01
-2.18955148e-02
4.73096110e-02
-9.94053110e-02
1.84320305e-02
1.49844766e-01
-1.41271859e-01
1.42546535e-01
-2.89988834e-02
9.48481709e-02
6.06922731e-02
-1.88792720e-02
-7.00868294e-02
-8.36501196e-02
1.52009934e-01
-1.92050457e-01
2.60876328e-01
1.79130733e-01
1.34212404e-01
1.02921799e-01
1.51260838e-01
9.78522375e-02
3.48143727e-02
-1.72469094e-02
-2.32385784e-01
4.35313559e-05
8.68010521e-02
-5.73725253e-03
6.56523407e-02
-1.45758409e-02